176
70 -87
71 -88
71 -87
71 -86
72 -89
72 -88
72 -87
72 -86
72 -85
73 -90
73 -89
73 -88
73 -87
73 -86
73 -85
74 -91
74 -90
74 -89
74 -88
74 -87
74 -86
74 -85
75 -92
75 -91
75 -90
75 -89
75 -88
75 -87
75 -86
75 -85
76 -93
76 -92
76 -91
76 -90
76 -89
76 -88
76 -87
76 -86
76 -85
77 -94
77 -93
77 -92
77 -91
77 -90
77 -89
77 -88
77 -87
77 -86
77 -85
78 -95
78 -94
78 -93
78 -92
78 -91
78 -90
78 -89
78 -88
78 -87
78 -86
78 -85
79 -96
79 -95
79 -94
79 -93
79 -92
79 -91
79 -90
79 -89
79 -88
79 -87
79 -86
79 -85
80 -97
80 -96
80 -95
80 -94
80 -93
80 -92
80 -91
80 -90
80 -89
80 -88
80 -87
80 -86
80 -85
81 -97
81 -96
81 -95
81 -94
81 -93
81 -92
81 -91
81 -90
81 -89
81 -88
81 -87
81 -86
81 -85
82 -96
82 -95
82 -94
82 -93
82 -92
82 -91
82 -90
82 -89
82 -88
82 -87
82 -86
82 -85
83 -95
83 -94
83 -93
83 -92
83 -91
83 -90
83 -89
83 -88
83 -87
83 -86
83 -85
84 -94
84 -93
84 -92
84 -91
84 -90
84 -89
84 -88
84 -87
84 -86
84 -85
85 -93
85 -92
85 -91
85 -90
85 -89
85 -88
85 -87
85 -86
85 -85
86 -92
86 -91
86 -90
86 -89
86 -88
86 -87
86 -86
86 -85
87 -91
87 -90
87 -89
87 -88
87 -87
87 -86
87 -85
88 -90
88 -89
88 -88
88 -87
88 -86
88 -85
89 -89
89 -88
89 -87
89 -86
89 -85
90 -88
90 -87
90 -86
90 -85
91 -87
91 -86
91 -85
92 -86
92 -85
93 -85
